1.038247398291331391e+00
8.693118970152119429e-01
9.368579667527019428e-01
1.064305997381456370e+00
8.660250843041906732e-01
9.083082081571867139e-01
1.064129161570423809e+00
9.337531535666768745e-01
1.074746766704953060e+00
1.007359983203035103e+00
1.115862374350137687e+00
9.880239983360832312e-01
9.601211279962608147e-01
1.042471987089840679e+00
9.674632578364050772e-01
1.039255262698586035e+00
1.031803710692370091e+00
9.988977099253316672e-01
9.718387115704389956e-01
1.038637905067076428e+00
9.056220721213605884e-01
1.082921522845039064e+00
1.217188130617369524e+00
1.072740782880023280e+00
8.760400287961558341e-01
9.509623830943325640e-01
1.016294993624294429e+00
1.055041429169435441e+00
9.060200548840473544e-01
9.174904174721572048e-01
1.129481162170066000e+00
9.320681526036248554e-01
1.067647153365999468e+00
1.083030347694255990e+00
9.203969425948841376e-01
1.080063479396018211e+00
8.424439936158827358e-01
1.030792980380983437e+00
1.100228631474577057e+00
9.878198533331978837e-01
8.035058350805217575e-01
8.359238550469573203e-01
9.345667584881451884e-01
8.523030024551367934e-01
1.105908126914767697e+00
9.504174239030405147e-01
9.172801616281361925e-01
9.533103005315632927e-01
9.884578318337556846e-01
8.810216194673795576e-01
9.884632685842804634e-01
9.623253392370330062e-01
9.099449665935362974e-01
9.741709490256812431e-01
1.120469416815192520e+00
8.627148781809388378e-01
9.911123100714031020e-01
8.998043485893905125e-01
9.549206651213079100e-01
1.068736756551567968e+00
8.784587657311639930e-01
8.394263209914363255e-01
8.359531746153406884e-01
9.728211730841974658e-01
7.665240174699403664e-01
1.073914031109206357e+00
8.953137628126220937e-01
8.710550257032393384e-01
1.042691196377451002e+00
1.067756612231269830e+00
9.016458823869442085e-01
1.005969334180280894e+00
1.052786617705349981e+00
1.159706417209024121e+00
1.197802693840126720e+00
9.006493264271744348e-01
1.037316340676066595e+00
1.021912175496676678e+00
8.933536967361181969e-01
9.064267486633107440e-01
9.630416049724338512e-01
1.010165430211102500e+00
1.271250437822779578e+00
9.515482296399399020e-01
1.011886729390186979e+00
1.151758057852029449e+00
9.794856208878257586e-01
1.104366453280408056e+00
9.603555612822166632e-01
7.673707381602994371e-01
1.028138545264112302e+00
9.786089606269708918e-01
8.741461445375485750e-01
1.125210526209416528e+00
1.084634927946142025e+00
9.020638619758905019e-01
1.103590249175739668e+00
9.083289835452554861e-01
8.771318951967170818e-01
1.000195396483253729e+00
1.005522433202520327e+00
1.020327999430426402e+00
9.663580609865455306e-01
1.116519118224473583e+00
8.809048975593702924e-01
9.412586279867157790e-01
1.000124828483482053e+00
1.100195035842554736e+00
9.624066704495877200e-01
8.043367204544669136e-01
1.226214740633552180e+00
1.025955456744414462e+00
1.057055539157564228e+00
9.643405128222823919e-01
1.070993100249074237e+00
1.030250928066196447e+00
8.197411530804552537e-01
9.652909005081075078e-01
1.095820748566909808e+00
9.909869339574890468e-01
1.128914657429359147e+00
1.036727577970989689e+00
9.941715278073716133e-01
1.024220304265892389e+00
9.762177849545985442e-01
1.047664621924257133e+00
9.669845608252802815e-01
1.030220657184098609e+00
1.026612565787817566e+00
9.368091086679388724e-01
9.812344066410368937e-01
1.045276717378303299e+00
9.461681562575186000e-01
8.633550325473952070e-01
1.031429189171552130e+00
9.108174011470370202e-01
1.063247525934244209e+00
1.063548806637936384e+00
1.021840091547257634e+00
1.006860569925361659e+00
8.868261043022929169e-01
9.953815335553667376e-01
1.134984980957786327e+00
1.173099259369432712e+00
9.833079807535627381e-01
9.934040529246898066e-01
8.844403075499629452e-01
8.813395754159411011e-01
8.771242937275266494e-01
1.024869395727772581e+00
1.024167805197800707e+00
8.772972132164097436e-01
9.792074642959589514e-01
1.042551515794402306e+00
1.099095439254997864e+00
1.107484494420250876e+00
9.249350160414995248e-01
1.003913442489767105e+00
9.196539225645238291e-01
9.537489140591675074e-01
9.410616314394768533e-01
1.192861664007984324e+00
9.587517054062688615e-01
1.119336742263047801e+00
1.051672804601373690e+00
1.015780695245959597e+00
9.800881159980471269e-01
1.132735221666964387e+00
9.217829479615384791e-01
8.704459236795900612e-01
8.633210054783974075e-01
9.183728737571610345e-01
1.192583304963728219e+00
1.021089248631255497e+00
1.032642290645007010e+00
9.502471624631024794e-01
1.131296743334461619e+00
7.959797689787659891e-01
8.425698440548741175e-01
9.361592330242775040e-01
9.420686589718562098e-01
1.159795583119326734e+00
9.604504029719201919e-01
9.892771299993016187e-01
1.060128435296680882e+00
1.099041828402902210e+00
9.521044466605137480e-01
9.951356183712544157e-01
1.085863368714144350e+00
9.667500562314610413e-01
1.028123820059862581e+00
9.096828501244345055e-01
9.764022742717615166e-01
9.421346293457012466e-01
1.037834850394382835e+00
9.950180987181125314e-01
1.010474775333436659e+00
1.002459639757221854e+00
1.097115432404236923e+00
1.115488902705586760e+00
1.140633386477943656e+00
9.633994093520579227e-01
1.046326077559473156e+00
1.067780061726280483e+00
9.772466742946798179e-01
1.086140626580562429e+00
1.049504984500625460e+00
9.168698585591614769e-01
1.009634964724797968e+00
9.260902114706669463e-01
1.046214015400527275e+00
8.613278910439979841e-01
9.523943175066834632e-01
1.071331451504867083e+00
8.716029135508526204e-01
1.069399713966659782e+00
1.072711872285469603e+00
9.213301868027293784e-01
9.571055849348942823e-01
1.179138001045522577e+00
9.882513175208217371e-01
8.907320969142979994e-01
9.561817477346520322e-01
1.099856978281340547e+00
9.448332557579766089e-01
9.530305072257008181e-01
8.673057303302091903e-01
1.253467826147155462e+00
8.519927917266255646e-01
9.930370109748625218e-01
8.548951038841172689e-01
1.003776113360442146e+00
8.360123726220389795e-01
1.024401757348032183e+00
1.077599164579398305e+00
9.940806102453758619e-01
1.174843243165525797e+00
1.004126881143897032e+00
9.676873954228353281e-01
1.175561477839256019e+00
1.057814295705189922e+00
8.323621859958760805e-01
1.076061394067576948e+00
9.432433227500630624e-01
1.106761636706086405e+00
1.192751021050542537e+00
9.856642101417357749e-01
8.827278497959134551e-01
9.184094505820906695e-01
1.032672212458810357e+00
1.190763415019838289e+00
1.070158466681465192e+00
1.073780167150306442e+00
9.652319620586902182e-01
1.015889065411363257e+00
9.927725128366705620e-01
1.061654597385997878e+00
9.644504605155778121e-01
9.605063970287007757e-01
8.464690461309520852e-01
9.819287007803002565e-01
9.970862406317461124e-01
8.810802341909802493e-01
8.743640581925549160e-01
1.028491594851528301e+00
1.026657227081734236e+00
1.035025598854533158e+00
1.068084990148369329e+00
1.011124672640215438e+00
1.080542879328662220e+00
9.133873384305370990e-01
1.084658906694337954e+00
9.120546953719390615e-01
1.203386681779208489e+00
9.580325322239989783e-01
1.114094530063109101e+00
1.088000036564094275e+00
9.290452565114289962e-01
9.556513933878596490e-01
9.980166910597879637e-01
1.154362975949176917e+00
9.998198619118759956e-01
9.665704701049945280e-01
9.244214638193299916e-01
1.057673918805182467e+00
8.996848093018845471e-01
1.142088765544993167e+00
8.017544166406962436e-01
8.016071869680519990e-01
9.507191898778752925e-01
9.559529834204618659e-01
9.769599236333909031e-01
9.898683019510899905e-01
8.924845589955238134e-01
9.705942074138979025e-01
1.061200573290917104e+00
1.000329184573521157e+00
8.823896186721542634e-01
1.042119494134978952e+00
9.490546041654084330e-01
9.468533422911651343e-01
1.074877936934652833e+00
1.063042417387621175e+00
1.139919849799844842e+00
1.128038817525221171e+00
7.235207691680340947e-01
9.429579276284463241e-01
9.123107747981809013e-01
9.853958421096673526e-01
9.283973787222984386e-01
8.766069682311120603e-01
1.016296885310831177e+00
9.479358461833770066e-01
9.360049504505087992e-01
1.036001526233773617e+00
1.044748386647571525e+00
1.111381426870199363e+00
9.826188729211899897e-01
9.514065923087255960e-01
1.013270482679297979e+00
1.076714095816863281e+00
8.921558080392847367e-01
1.039422605152723555e+00
9.882432760212958023e-01
9.056433665503366148e-01
1.079291168378811117e+00
1.006170292425114798e+00
8.780760420540315581e-01
1.156004319927847135e+00
7.268667949194964617e-01
1.095019186791527765e+00
9.233301225696552983e-01
1.092058828034085938e+00
1.096667219907407453e+00
8.870239504195378544e-01
1.106992044956117915e+00
1.084280529901743062e+00
1.262647375959878637e+00
1.039539232662907375e+00
9.109986830996259499e-01
1.110515237105053954e+00
9.024940903806810688e-01
1.123505280350911129e+00
9.593745153957253802e-01
8.554125067672705418e-01
9.462217524675071711e-01
9.905500433237374169e-01
1.193167738989159954e+00
9.192610884775715974e-01
8.492663384156865503e-01
1.088388574104845352e+00
8.090834164035738407e-01
1.139953763026546163e+00
8.021360669540882338e-01
9.791768415065927877e-01
1.063326822760710444e+00
8.962474890879905676e-01
9.428558610625696890e-01
1.037255680541619984e+00
1.026622441551881204e+00
9.790164368226925706e-01
1.133408361131535536e+00
9.141443040911213513e-01
8.943022175989517875e-01
8.734499927640195782e-01
9.018442408098761298e-01
9.164176009404477741e-01
1.158052926929897364e+00
8.792133189911222058e-01
8.623442307255969608e-01
9.564488778354606202e-01
9.280428884014161328e-01
1.015313764521774242e+00
1.061998373185812916e+00
1.119713088322703332e+00
9.686183919124869979e-01
9.722733931893086101e-01
9.856443313469134271e-01
9.970884047767407665e-01
9.610021344273936839e-01
8.754837539774613653e-01
8.908309726335361667e-01
1.003559487620723667e+00
1.029513533390817637e+00
1.176626902881268810e+00
9.664409310759127791e-01
9.932093507776502683e-01
8.995855329142938839e-01
8.312402994584168203e-01
9.506091073760641885e-01
9.781233658781355311e-01
1.017513073816591396e+00
9.641726473057667945e-01
1.010913350453047865e+00
9.664788252195709584e-01
8.719585204876815210e-01
1.008845234356436915e+00
1.012120760386884699e+00
1.077640719277878079e+00
1.024276194716985833e+00
9.650273340806139188e-01
9.822715558501374788e-01
1.025041570687933445e+00
1.028663580996150406e+00
1.037548442543822835e+00
1.159615425075867456e+00
1.024404458068374213e+00
1.081829601182913825e+00
1.126000491049848229e+00
9.701863861549264723e-01
1.104227979084220213e+00
1.061598062128270570e+00
9.204956346766430819e-01
9.083130914881946127e-01
1.036178393971241674e+00
9.938369890960739861e-01
1.028931168395875506e+00
1.066748300822850215e+00
1.044525554234225329e+00
1.120657092296044821e+00
1.088371530981979696e+00
8.621770426102168816e-01
9.858926360399822286e-01
8.464572848434758212e-01
8.262244127733688881e-01
9.621471144464988079e-01
8.509983633663820157e-01
1.212027535738295914e+00
8.829941857746715916e-01
1.089607336146174665e+00
9.314463548598364007e-01
9.308665126499913178e-01
9.335163943464838132e-01
8.378370137825092989e-01
8.472969677422671486e-01
9.582132170019623807e-01
1.064055925394197466e+00
1.138709815874475506e+00
9.396696523577291460e-01
1.042846406094209311e+00
1.051727211092631009e+00
9.617090591434620528e-01
9.444239519433659247e-01
9.306903000226951495e-01
8.715491783125617342e-01
1.043132168026299711e+00
9.403499506250299067e-01
1.094493274535491611e+00
8.912979421302751337e-01
8.270075063174201491e-01
9.365827611414854204e-01
1.051730764412643904e+00
1.057309207666109696e+00
9.336137210062831482e-01
1.009690955661740608e+00
1.110145406673485713e+00
1.149762137608439039e+00
1.098521107216977821e+00
1.004357651203359847e+00
9.760726374279694584e-01
1.013896123546950800e+00
9.207847688939634345e-01
8.209816988728048104e-01
1.001471832533316286e+00
9.896731559243385767e-01
9.310506591638985086e-01
1.077258635223962591e+00
9.204808299417667206e-01
1.115430857910503004e+00
1.143109025701146919e+00
9.698615071480439775e-01
1.154940316728625849e+00
1.124347689011864437e+00
9.222576104900174210e-01
9.838499513761641557e-01
1.018254163111306676e+00
9.735126322434126678e-01
1.040461094863946556e+00
8.271777208812797211e-01
1.058042124354257041e+00
1.142355832256576553e+00
1.053923835054385139e+00
7.545306981727569751e-01
1.009981728804122403e+00
9.229078598344334639e-01
9.329109144164530187e-01
1.037911353977568618e+00
9.988265635446416102e-01
8.391355371542280617e-01
8.556204652226681029e-01
9.495409524649776056e-01
7.685023952053706697e-01
1.038030803495029852e+00
9.734075284989840426e-01
9.152414386739488039e-01
8.611153568461136221e-01
1.184380415978014911e+00
1.014987903478220099e+00
8.624675124371534718e-01
9.077134769490634580e-01
8.473753564811338235e-01
1.036234222259033944e+00
9.750553083125487186e-01
1.060707870369739680e+00
1.094805946918686601e+00
1.045738562388949688e+00
9.635235248188828150e-01
1.055751863629842191e+00
1.040729441376457620e+00
9.109278279583110649e-01
1.001730223652320229e+00
1.048007882344267561e+00
9.893466723913586502e-01
9.507417432362506027e-01
9.794864162823706533e-01
1.050846939973042460e+00
1.052669895753880924e+00
1.129081254640907916e+00
1.167458754054858883e+00
7.219050728034461795e-01
1.098391629840741679e+00
1.027331442547433804e+00
1.025895089903372970e+00
9.850252066548091934e-01
1.112318618485309329e+00
1.093892848043517496e+00
1.061640216097750056e+00
1.015660075681856567e+00
1.290104006335206943e+00
8.792294312734029171e-01
1.013275234491416654e+00
1.080670320655826577e+00
1.114609985039091367e+00
9.850122653768925707e-01
1.125853159602297371e+00
1.062889629759161902e+00
9.179996075310510317e-01
1.031213857044813942e+00
8.927816679280962120e-01
1.044714844578437107e+00
8.392378447600596925e-01
1.056088751323397634e+00
9.332891292938344519e-01
1.061800363687692927e+00
1.153490227012166747e+00
9.826646588378862290e-01
8.326804824864943999e-01
9.349359921400668405e-01
9.336164906955422005e-01
8.681123236341135030e-01
1.301709631001725764e+00
9.300412525817723930e-01
1.200116132927417256e+00
8.222112110593332579e-01
8.622074646899525741e-01
1.090150614649250560e+00
7.833666198296954652e-01
1.003290786742051965e+00
9.812245116878733908e-01
1.005699494874642053e+00
9.773533937013665351e-01
8.852947159253580223e-01
1.017379885465726108e+00
1.032188174005247205e+00
9.771186155494179237e-01
9.229437266322526590e-01
9.995190295946410064e-01
1.030906119257839926e+00
9.144482747205455730e-01
9.038636848675460911e-01
8.811842056971014303e-01
7.724134494185519451e-01
9.066053142227190609e-01
9.642999032719744568e-01
1.135010767622646188e+00
1.155928640721102907e+00
9.208801069653493876e-01
7.376938013333886879e-01
8.844413736160587902e-01
1.036879134026339910e+00
1.037948767732592259e+00
1.258388359155681480e+00
1.030581259151913898e+00
1.034543519213803275e+00
9.459686095911949977e-01
8.745038257479583743e-01
9.462690885841561483e-01
1.062145313897526533e+00
9.566344453809327852e-01
1.012480089644322900e+00
9.348268779531823114e-01
9.672102970085645346e-01
1.000148144402800421e+00
9.812528484145376373e-01
1.135789818834929132e+00
9.730440924493927168e-01
1.052690887621178906e+00
1.143070344223937829e+00
9.331023640297210209e-01
1.024298882038025882e+00
1.005376766232798147e+00
1.097683122967656910e+00
1.142473278097361655e+00
1.009839012815712866e+00
8.538099222484839546e-01
1.239361006955935984e+00
8.390834244111092799e-01
1.010086961433472430e+00
1.226193945255532380e+00
1.123163795627119654e+00
1.028738752943131329e+00
1.179432128060398766e+00
9.598200531649208056e-01
1.167130199258048728e+00
1.100128685265309825e+00
1.002663288711473033e+00
9.747721500812139839e-01
1.060478791225161199e+00
8.216460234824140008e-01
9.760516687891139798e-01
8.612059355400805138e-01
1.011514223926399447e+00
8.809305885283607029e-01
9.065363761597259318e-01
1.027272403516182653e+00
9.875899107148753409e-01
1.171643456446880727e+00
9.458254063528960254e-01
9.380589771256072629e-01
1.121435638316587546e+00
1.070469689385846079e+00
8.359170028293340104e-01
1.020586028225912711e+00
1.037639252143544244e+00
1.132676536308039772e+00
1.037963101070941141e+00
1.003674854444662756e+00
7.348976210851612123e-01
9.998942784234913228e-01
1.031017842325924194e+00
9.428731433779697912e-01
1.004423618974225718e+00
1.120991262060802685e+00
9.393306328568229446e-01
1.151966254858602934e+00
9.266468889806793729e-01
9.943278814414860944e-01
1.112721907470446192e+00
1.152793816413473005e+00
9.985321966218253520e-01
8.790567886993960744e-01
1.105462190142869616e+00
9.968496220505280725e-01
9.722716059143126088e-01
9.744545119912261244e-01
8.749619373487657059e-01
1.083682818738442633e+00
9.462462798632479410e-01
1.055319135645191420e+00
1.186142692375624197e+00
1.064567648042321624e+00
7.687535425719248527e-01
1.068690492721245278e+00
1.010572210519209868e+00
1.065251405191049772e+00
1.058581676945875572e+00
1.019828772694124419e+00
8.950640674409711117e-01
9.826682859853245189e-01
9.295466839900911049e-01
9.754501332848213302e-01
1.094648181874952719e+00
1.005593326602395976e+00
1.075925714632288477e+00
8.622955808223228269e-01
9.135086123416441550e-01
9.433987943065331727e-01
9.423637445593671114e-01
1.075068834811002016e+00
1.038939403117432381e+00
1.103022560956470555e+00
1.134737358722874179e+00
9.123624779433470167e-01
9.511379230412259078e-01
1.081304787598706074e+00
9.423069725234012317e-01
1.052165454357342878e+00
9.747848454607529467e-01
1.039108193475705155e+00
8.374240358038944620e-01
9.776367185067039722e-01
1.071131752133953619e+00
1.114790916104751339e+00
9.960463493314700711e-01
1.012899513330929313e+00
8.819924977279488543e-01
8.124045987813783842e-01
9.617674293597525681e-01
1.091990182549607225e+00
9.103910705689813865e-01
1.014428512690356943e+00
1.091375650005106168e+00
9.113605358550447288e-01
1.044251643635286664e+00
1.096399145870907699e+00
8.576992357640063069e-01
9.123124485489189084e-01
9.017473801073014883e-01
1.013001700714795339e+00
8.806408490770316622e-01
9.438358958921406749e-01
1.106170711341928570e+00
1.032651502129789067e+00
9.304141173733333492e-01
8.846260363229028201e-01
9.135627971278912351e-01
1.003703610189589090e+00
1.192395478887821270e+00
9.469388134629447284e-01
9.436926442434521167e-01
1.013924161658183554e+00
8.571821792024670872e-01
1.065807857363777700e+00
1.078597217821906540e+00
9.311998048409567685e-01
8.703450486398559560e-01
9.516760113286129030e-01
1.005804456251094159e+00
1.108802547200165467e+00
8.321627549680243874e-01
1.090156232468827202e+00
9.226578564270017102e-01
1.002248615910766416e+00
8.094190882697513967e-01
1.027365471535034880e+00
9.587257787934537756e-01
9.714999862116757701e-01
1.065134215993069011e+00
8.843729072041174311e-01
8.665320759154688801e-01
9.997995837161025579e-01
9.638057541214483104e-01
9.348623951328436377e-01
9.873475475362074594e-01
1.098080596969938094e+00
1.186421314720478293e+00
9.425993009954826141e-01
1.200218209543619574e+00
1.066492699909214137e+00
9.083941750144230998e-01
1.077315090829546795e+00
1.124971790983231523e+00
9.603655027729391946e-01
1.093399322403274532e+00
9.778843178690415083e-01
9.171303673021813374e-01
9.127793747211008224e-01
1.014872839996322940e+00
1.007361086365106795e+00
1.017484768353223545e+00
9.917814063303678207e-01
1.061850899155078798e+00
9.322842067039529557e-01
9.947975593731324118e-01
8.643910345172165499e-01
1.045706805537818251e+00
7.003202182446004453e-01
9.657078812010454483e-01
8.217676892235676878e-01
1.000580096267746466e+00
1.058186700087847987e+00
9.447190297950338600e-01
1.116220455240731768e+00
9.473532011661018881e-01
1.029835078936782722e+00
9.532610632169902232e-01
8.785050128521658674e-01
1.128166649008165656e+00
8.133449472769856969e-01
1.139583851522411706e+00
9.206711924937310831e-01
9.488798342432497313e-01
9.739574809055903115e-01
1.246679028085481589e+00
1.205980148327731705e+00
8.737899479548650872e-01
1.135121109136389306e+00
1.294305480828817245e+00
7.885433401522194963e-01
1.228455226714053383e+00
1.095186668231243887e+00
1.107129101661944670e+00
1.064274474075051824e+00
1.074508344790172876e+00
1.004049412839308930e+00
1.003378064160010741e+00
9.757845544206520394e-01
9.791126436218453577e-01
9.147278886468759307e-01
1.100702577947414884e+00
9.523919057033638502e-01
1.150342670138614132e+00
9.404829237557574828e-01
8.544825624910559192e-01
8.651184859665023152e-01
1.110091980045254889e+00
1.119489009952047809e+00
1.048664611609433583e+00
1.195291647412392688e+00
8.660098130499407354e-01
8.775619743547586893e-01
1.009260106296554271e+00
1.093264211209086678e+00
9.594505351136617399e-01
1.185966590325542080e+00
8.309179907634964835e-01
9.511407424813264067e-01
1.037416162121046259e+00
1.065603269044990142e+00
9.483299068227946105e-01
9.730203122021813256e-01
1.175403855839913581e+00
1.003939250964173135e+00
8.899905229200948398e-01
1.091414584122656350e+00
1.053251625758525600e+00
1.042660325646683095e+00
1.059229743745954799e+00
1.090247382199181381e+00
9.649573943529684561e-01
9.521625505786507349e-01
1.004653994808351047e+00
1.149071378166170998e+00
9.810159209582641759e-01
8.500287613632273587e-01
1.053286669172194046e+00
9.073019145768973504e-01
1.124178127498425495e+00
1.055687074622648103e+00
9.579576094684886245e-01
1.071878070934052518e+00
9.634532109199516192e-01
7.814845983711384836e-01
1.007906806601402749e+00
1.000888878351212652e+00
8.924266481338453127e-01
1.010006546682115092e+00
1.215095881057414395e+00
1.091586511537007809e+00
1.063641719790567874e+00
1.091156720560351401e+00
9.968034866736177335e-01
8.273573186468936580e-01
1.073798913889287165e+00
1.062822928179721682e+00
1.070400481561685435e+00
1.125820760067552273e+00
1.081964122984419685e+00
9.861314930995260797e-01
8.479309802606398438e-01
1.058478709607826751e+00
1.035786316986136324e+00
9.959251616246836969e-01
1.028656429519637650e+00
9.497787688963632569e-01
9.268283604813735144e-01
1.098807141655895325e+00
1.043757134322527147e+00
1.153577165265108118e+00
9.834012187682689143e-01
7.623243245986379701e-01
9.856208943844156911e-01
1.191056202633968830e+00
1.139378313139432164e+00
1.088246567405949161e+00
1.090740307378736063e+00
9.231986648425836162e-01
9.341568312557706477e-01
8.996355739515746741e-01
1.117219529111028731e+00
1.135002135846141735e+00
9.815779561649640161e-01
1.055406319763001033e+00
1.134541758546739443e+00
1.085317173355764941e+00
7.859034689102013527e-01
8.305689298798326625e-01
1.066242082215690168e+00
9.926714250685944041e-01
9.214927104434922356e-01
9.233824138276119919e-01
9.369162715171530653e-01
1.084311285463351870e+00
8.385030409671165863e-01
9.163428824949938489e-01
1.035188438897724161e+00
1.132377689652801056e+00
9.477873105993563918e-01
9.539014774523330020e-01
9.884676331775872349e-01
9.030203782891428332e-01
1.134121257060966448e+00
1.043710676672446658e+00
1.050958482614342770e+00
9.856257404785785381e-01
9.353537041108516137e-01
9.055222653960004475e-01
8.437746756856356889e-01
9.069925276823092020e-01
9.413581871628386999e-01
9.088967321040607450e-01
9.299968027443564766e-01
8.726747709884111748e-01
1.004732030948612520e+00
1.032081510465414187e+00
9.459354737474446884e-01
1.050791555306425540e+00
9.857208255089464632e-01
1.006175540430657156e+00
1.062454361595084329e+00
8.356609897773352724e-01
1.098563144927116930e+00
1.068582728122256853e+00
8.963081775236054760e-01
8.256655088694216937e-01
6.983409083901921388e-01
1.191893865370866612e+00
1.227374269242216043e+00
1.011676447392511946e+00
1.210420239886889071e+00
8.466167347643011043e-01
1.059059350789739895e+00
1.073253097681929003e+00
8.834985487197726250e-01
1.020002158815695781e+00
1.135331614975223058e+00
9.646487533726337826e-01
9.963284079523180292e-01
9.992013385498067501e-01
9.433100738455116874e-01
1.014577384218669831e+00
1.179584899199680681e+00
9.421209784149776612e-01
9.343013370174335641e-01
8.305123353655941010e-01
9.669817296012978014e-01
9.614349266337900435e-01
1.040070318878094202e+00
9.481232449267518181e-01
9.510606950861202336e-01
8.571287206978080997e-01
1.071133133093930212e+00
1.050574466607137269e+00
9.524707416958271278e-01
1.025525358106472495e+00
1.066448705424687171e+00
1.075881135334046501e+00
8.928984430094977220e-01
8.325471047221999488e-01
8.931487318632822525e-01
1.090893632549313486e+00
9.572213912130481672e-01
9.734960439965626433e-01
9.869097172504125437e-01
1.055200425465238956e+00
1.040931366263271096e+00
8.517812707959695473e-01
9.140845427018023939e-01
1.004976619003706606e+00
1.081293937045203934e+00
9.258661066871027856e-01
1.144235644210991110e+00
1.034804535905252898e+00
1.097762566169081522e+00
1.127753139032249052e+00
9.379056584371043837e-01
1.140572552061657197e+00
1.071578342913450665e+00
9.045829457714952282e-01
1.089594614411096840e+00
8.983624928596077863e-01
1.329673005431683208e+00
7.715524581244412872e-01
9.144289337799591522e-01
8.803430609889338898e-01
1.147174839665439983e+00
9.566747238882492566e-01
9.516848177238662609e-01
8.224359481231424684e-01
1.111528304213963869e+00
1.265258121262585966e+00
9.887024851477955734e-01
1.125735282896426659e+00
1.077718645940381581e+00
1.025527725045652927e+00
9.492744289921425382e-01
7.684299393186727611e-01
9.650586844461255254e-01
1.126362556899618950e+00
1.055546799316933182e+00
