1.102165777263592883e+00
9.965006175460644489e-01
9.047900888676791986e-01
9.138307089108699266e-01
1.027674374490178844e+00
1.051785022354498667e+00
1.113227826301039558e+00
9.961427944448653093e-01
1.133389453105665634e+00
1.056496709752720475e+00
1.042086136584582157e+00
1.085531702852108316e+00
1.064096710646779353e+00
9.137246030737165015e-01
8.752860661768706585e-01
1.126656958556332189e+00
1.087299018653196114e+00
1.145060321327227681e+00
9.922717350920597923e-01
1.005263933032201518e+00
1.077601906578459223e+00
1.130493365910320902e+00
1.114580586023552033e+00
9.829678848154537185e-01
1.048619418742652298e+00
1.020863984724699414e+00
9.283822264336899499e-01
1.094197338064838210e+00
9.887553287232598853e-01
1.136908023998851380e+00
8.170009624500917944e-01
1.018697490913909043e+00
7.983837199153036579e-01
9.431956701987448399e-01
1.064471928763518482e+00
1.286634591720525300e+00
1.093637057746495111e+00
9.063934662791288677e-01
9.689335650239205844e-01
1.033212843593533048e+00
1.045351217242950881e+00
1.148602056417599382e+00
9.636695150853952230e-01
9.319465418998856832e-01
8.603718667088816607e-01
1.018133048241739225e+00
1.042092634503869908e+00
1.016162557965956559e+00
1.009971247019964435e+00
1.199924288992019861e+00
1.027062428995857868e+00
1.112287991268768872e+00
1.099953821492234418e+00
8.976822102094605960e-01
1.028281642262804496e+00
1.087972811333015599e+00
1.006880817317289845e+00
1.084686133662976282e+00
1.179196756863035933e+00
1.030813053366414156e+00
9.523526230893716304e-01
8.638782341584065883e-01
1.132993455621685408e+00
9.238290319122655081e-01
1.127901364603662415e+00
1.118937169394465414e+00
1.010629946941618229e+00
8.344746260808166838e-01
1.066073068113049471e+00
9.284214207264330776e-01
9.383630169829041412e-01
1.056967065927680416e+00
9.642324597649041262e-01
1.095388527450318339e+00
8.479365056545409285e-01
9.261540281167010003e-01
8.547859290300159341e-01
1.024328794792649377e+00
1.136870782415503545e+00
1.010151218451312172e+00
1.084381450005723835e+00
9.590086370219020884e-01
9.226584631782009938e-01
1.173336986786603253e+00
1.127825743644876644e+00
8.519431088352258374e-01
9.591259015771543828e-01
9.194611572530944077e-01
8.986402268586421993e-01
8.799809438225019154e-01
1.085666744105019399e+00
1.012551389446751271e+00
9.170933251525615892e-01
9.570415057587996488e-01
8.103659707493846565e-01
1.045328751686461333e+00
1.033653404306650536e+00
1.177313538164845408e+00
1.127850123316324060e+00
9.805929682841871831e-01
1.074650750835330459e+00
1.121307362883864345e+00
1.171603758179881050e+00
1.007661201076757829e+00
1.041376804456762173e+00
7.683871494757830156e-01
9.676880346410284828e-01
1.042961361346218307e+00
9.893336987243070979e-01
9.446559355670235414e-01
1.100482292303869070e+00
1.087702020232810929e+00
1.046393999949785547e+00
1.025722768126897000e+00
1.052847958011261964e+00
9.949108198203581166e-01
1.012200809396540446e+00
9.507739587143083648e-01
9.122747781500832875e-01
1.045301974685280078e+00
1.073416460088420399e+00
8.846024814967502481e-01
1.098765047983659926e+00
8.148443234676955305e-01
1.003667803067162412e+00
1.029114788529823077e+00
9.510181761220490859e-01
9.698973544403611813e-01
9.777570140475763116e-01
1.030119950308363341e+00
9.060935283096640536e-01
1.143099632458383086e+00
1.101983108640919529e+00
9.131832468771267086e-01
9.522857248124890761e-01
8.825117526109461652e-01
1.130636786121601567e+00
9.347856677350333543e-01
1.013000744061925307e+00
1.050109825183661583e+00
9.566314640440323203e-01
1.026664647162805810e+00
1.049045397377417643e+00
9.071663351867660374e-01
1.187222107256974635e+00
1.022227369406066844e+00
1.036016579047428721e+00
9.296388455239488202e-01
1.085409597457664077e+00
8.009680846030367007e-01
9.245405205099244128e-01
1.038292835469022402e+00
1.058461069455009396e+00
1.100874900729546191e+00
1.080341636038939290e+00
9.206860586126309753e-01
9.170550028860910974e-01
1.108625692255638340e+00
9.569544183771435675e-01
1.110529430366119730e+00
9.101969960219425948e-01
9.410943258121886590e-01
9.420107638199604061e-01
1.223295592379180619e+00
9.781435715189332747e-01
1.049023073792145988e+00
9.612236182108954141e-01
9.585562452301450431e-01
9.572186584356754402e-01
1.026502537937694637e+00
1.083444221100445359e+00
1.055453566046063774e+00
1.348758021874509883e+00
9.805004551031739624e-01
1.001140759851327333e+00
1.189067473353955462e+00
1.253425764831929135e+00
1.033698612208582501e+00
9.948476398390899700e-01
9.358491015168135529e-01
9.924562124555372788e-01
9.354914122304800461e-01
1.008244785430411961e+00
1.123838488108952705e+00
1.049472311949917636e+00
1.041005718942816349e+00
9.555103085678308128e-01
8.340948034941357836e-01
9.305602042419220954e-01
9.010873342266247921e-01
9.797044885155383742e-01
1.050598998193634559e+00
1.062995853520189327e+00
9.362003321944383227e-01
1.127047423895086053e+00
1.128816225033782095e+00
1.129703111822520478e+00
9.718765585081086122e-01
1.067511322032154375e+00
1.051886289158617371e+00
9.336026784066903117e-01
9.396697377299294551e-01
9.960389798002871053e-01
9.793960492729689715e-01
9.427392045491174155e-01
1.067921840777633857e+00
9.744869718628439426e-01
9.300377064789664416e-01
8.851766453547640356e-01
8.133987227326803238e-01
1.002625843331436339e+00
8.034248068364574502e-01
9.409600366121165793e-01
7.977070016354962378e-01
9.854185604313852043e-01
1.041112420753651957e+00
1.020875897563667367e+00
7.746467658115036015e-01
1.014022947486352466e+00
1.157590253173534700e+00
7.923598824773154803e-01
1.252144929963361353e+00
9.923992929929577045e-01
9.389029147748827464e-01
9.352857293445522302e-01
9.855600285702761365e-01
1.037872314063009060e+00
1.023339759793082449e+00
1.136374397853702867e+00
1.208764939878959499e+00
1.007579177623752376e+00
9.391010395788126353e-01
9.846019479798349128e-01
1.099325595520605381e+00
1.001335797976468101e+00
1.057820958966938951e+00
8.975145031937569184e-01
9.756268895244811779e-01
1.138084880135819876e+00
9.750894482598961854e-01
8.989186234190987834e-01
9.845410315427547410e-01
9.886159011945871988e-01
9.633605688953100765e-01
1.044859930637262790e+00
8.862408220926067948e-01
9.378286652837469761e-01
9.790699552914454706e-01
8.951995368495780925e-01
1.197762011523807013e+00
1.046787189303666654e+00
9.620114013840431744e-01
8.641956595982625000e-01
8.885293231268971414e-01
9.551349007635622224e-01
1.171142865612377904e+00
1.171914548780456755e+00
1.030474293872797098e+00
9.716567222719317831e-01
1.081078496425496027e+00
1.066668642787642174e+00
7.471502503334042089e-01
1.052947492586580491e+00
1.182197972863710644e+00
9.620572900824603257e-01
9.414092831883574819e-01
1.056685012619193564e+00
9.693574913956264361e-01
9.953795886858485265e-01
1.006054810536704647e+00
1.003377094773502121e+00
9.339949280505264184e-01
1.017351115110399329e+00
8.853010455078030860e-01
8.814357338918386020e-01
1.193253158795345437e+00
1.083528144974555740e+00
9.897948330481040058e-01
9.921821690077294864e-01
8.390016466705644271e-01
1.085981394265733924e+00
9.927844021241756245e-01
1.044481455671651293e+00
9.167241712401056342e-01
1.109467738936132486e+00
9.036674918412612723e-01
9.247801270323620093e-01
8.569386685517448310e-01
1.034048616447060809e+00
8.656252424110028043e-01
6.649486975352267848e-01
8.661726117637778000e-01
1.064854558035519094e+00
1.091844109743165925e+00
9.912018463154368408e-01
1.096755279353070156e+00
8.981165355041825782e-01
1.105257036889964350e+00
8.689127612399754064e-01
1.071088478509627295e+00
9.561577759437123181e-01
8.640543428727442965e-01
9.037090733737767057e-01
1.002441730467403813e+00
9.618119246609144746e-01
9.250535728575114414e-01
7.509849049189337711e-01
1.041461238147806778e+00
1.022001811144061634e+00
8.766909681245055319e-01
9.733950951340699653e-01
9.154758629888147814e-01
1.012552951469979812e+00
9.088133311881706478e-01
8.468706339659142213e-01
1.113312803602821477e+00
1.008275697296017848e+00
8.192774540429678121e-01
1.022332136425825766e+00
9.846664067578817514e-01
9.733783697091843434e-01
7.856002243152768738e-01
9.359508895310715282e-01
8.682788995433542434e-01
9.562397773850864757e-01
1.052328103109922086e+00
8.271003259540270491e-01
8.858102536108380942e-01
9.222584103513841169e-01
8.926351526266889103e-01
7.644578424119106153e-01
1.154939849162752941e+00
8.845327187389850909e-01
1.006469370764867755e+00
1.210024725408239021e+00
1.016489178760339396e+00
8.819173992881305102e-01
9.448642098477273432e-01
1.074432917065375692e+00
9.778417557323061393e-01
1.005078022308597552e+00
9.276713504480120775e-01
9.577428393998441702e-01
9.006992206112581778e-01
1.138413463669881054e+00
1.018581598238940344e+00
9.396950762463487372e-01
9.807677202957086893e-01
9.045360337030865505e-01
9.199011789856468280e-01
9.537919886549309778e-01
1.049436432800382235e+00
9.646397993166476725e-01
1.135521362432620807e+00
9.897781681405373178e-01
1.078481370624432500e+00
9.055514927756006527e-01
1.159639435305063415e+00
1.056430175745085132e+00
9.463816666213824558e-01
1.152416413982004784e+00
9.915523319949667291e-01
8.481877492030749366e-01
9.664499254026922559e-01
8.319508145578420333e-01
7.918195666126189858e-01
1.058380981343077565e+00
8.785598675071636388e-01
9.921645988898964985e-01
1.180161118113405960e+00
1.041313012833095186e+00
9.571695013693657383e-01
1.154776797826381651e+00
9.718383693097073506e-01
1.160132068973972252e+00
1.054977222649314816e+00
1.263881123533545869e+00
9.961023053857805953e-01
8.740697238821628634e-01
1.282208843070163695e+00
7.204567252369884489e-01
1.093112774077027671e+00
9.189959652669258405e-01
1.101964293565227848e+00
1.197362451387788518e+00
1.015253241883642410e+00
1.068328158601488997e+00
8.033568677848034190e-01
9.368844077647372481e-01
9.692489019829589880e-01
8.245744367780101225e-01
8.836393190475093640e-01
1.062497095270216851e+00
9.538512979638712475e-01
9.220182157406037193e-01
1.018402827556715851e+00
8.046577182059737599e-01
1.032553784005375119e+00
1.031896035560211367e+00
9.198049332212500095e-01
1.090619782789380876e+00
1.047887912295218049e+00
1.010954943381661364e+00
1.122044354409201805e+00
1.045541912500239201e+00
9.338905522751360655e-01
8.967597438659048459e-01
1.107234162532905852e+00
1.090781700166407076e+00
1.016012085179915259e+00
1.034970893610995146e+00
1.081695664182799943e+00
9.294030144258950132e-01
1.125167656167132213e+00
8.330336626826111424e-01
9.608380303998227401e-01
9.287380901686953516e-01
9.239980227758778364e-01
1.169556056666144706e+00
8.277319588894656022e-01
9.609534383952433867e-01
9.746963678213020899e-01
1.083062767530093007e+00
9.729433291640936510e-01
1.032523109457037958e+00
1.015915651223385563e+00
8.912003407922696185e-01
8.911354847763042208e-01
9.448883652560180479e-01
1.043433400931069066e+00
1.071010568333495172e+00
9.287631537865690401e-01
9.611411609450135618e-01
1.091794176682708395e+00
8.213896935463637083e-01
1.003656401618055138e+00
1.095010396027801036e+00
8.670614337877163846e-01
8.610421421246894358e-01
9.099737939396956854e-01
9.917330342489067974e-01
9.924995287866498206e-01
8.510823580077192529e-01
1.063678006148803368e+00
9.745553926388487165e-01
1.166634713685424263e+00
1.092021799639449453e+00
1.078687474702935134e+00
9.651418927511253854e-01
1.099052978016534787e+00
9.369716197049295925e-01
1.117368668109210539e+00
9.389185515709461693e-01
8.950877493142556096e-01
9.962191212896565062e-01
1.131981061838864600e+00
1.069574655412461661e+00
7.756930972673616864e-01
1.064375521153605453e+00
9.967826232741456849e-01
1.034187916565069143e+00
7.920958203166944545e-01
1.048080053834852254e+00
9.083393464110818272e-01
9.737167648506704909e-01
1.128822820510392955e+00
1.049366959086574180e+00
9.668210365766181091e-01
1.070378542478094941e+00
1.033039728770903887e+00
9.785764266040796189e-01
1.000923180214979835e+00
1.029486766617867310e+00
9.267382346269926741e-01
9.997303507965903391e-01
1.021687460600304354e+00
1.021639397840305774e+00
1.058032372298782553e+00
9.652001777166000496e-01
8.436859714226772056e-01
1.016201704670497419e+00
1.091145558561324336e+00
1.144417715462087592e+00
9.391448508795843253e-01
1.185714629880331161e+00
8.980174404534212451e-01
9.626824132915808852e-01
1.018780946156190748e+00
9.692590255109284625e-01
8.383518925286072010e-01
8.932601794062575706e-01
8.670400695887321429e-01
1.066703052455870049e+00
1.056707027043618519e+00
1.061837083278484917e+00
9.362708603274053631e-01
1.149234986010777115e+00
9.528978166247790149e-01
9.255074984332458676e-01
7.984313745247411109e-01
9.723251500170771999e-01
1.112379395604681021e+00
9.740133328035895932e-01
7.913660000596577371e-01
1.017597120320474557e+00
9.277672653524240420e-01
9.345505904798413477e-01
1.032222624572532998e+00
9.947203438555938249e-01
9.828019695336142059e-01
1.175988400148623603e+00
1.240623578847926511e+00
9.997716340380216060e-01
1.061802416812678285e+00
1.083777281422168670e+00
1.106497476159743920e+00
1.085864429317088042e+00
8.146363122456110606e-01
9.673995713703462673e-01
9.535064550060456945e-01
7.215095349623086296e-01
1.091974560001930827e+00
9.929927477586985018e-01
9.764467834604759755e-01
9.476852689364061444e-01
1.064604062769757942e+00
9.943003789731703623e-01
8.783339142080937023e-01
9.181241291270587634e-01
1.231706327463512718e+00
9.726996532336789070e-01
7.727349548303180660e-01
9.790514031497310476e-01
1.044511109334773424e+00
8.178538746867245468e-01
1.095495128397732776e+00
9.753272396399694788e-01
9.921046488390478091e-01
1.236688826819559939e+00
9.046811344698034718e-01
9.805878081117019862e-01
9.773694989222725393e-01
1.004743033188278067e+00
1.114863044632046662e+00
1.088061103470749913e+00
1.132219981608856729e+00
1.064784293215108368e+00
9.891422139689258763e-01
8.876505091234557776e-01
1.055940806222618100e+00
8.256797388907075597e-01
1.034207622646099223e+00
8.802242294357057739e-01
1.126269221441674739e+00
1.063007024731411621e+00
9.529750495316984260e-01
9.637763499245136645e-01
9.627158121749221920e-01
1.034914468366167961e+00
9.577830826767478323e-01
8.974367479255423996e-01
9.724192062324482633e-01
9.643932197725091360e-01
8.871391504647179183e-01
1.159674703900881010e+00
1.170535177905194901e+00
1.156024129012373169e+00
1.070151269359940427e+00
1.079716865603283615e+00
1.090345008763708545e+00
9.944936142947214952e-01
9.845793038379632156e-01
8.842553387830253131e-01
9.302258600893420493e-01
9.254740698676616750e-01
1.019666157823178931e+00
9.738652787982374770e-01
1.057613734950333839e+00
1.145009772701542694e+00
1.122751758837428726e+00
1.082270640706642695e+00
9.830524606597828008e-01
9.866102641295303455e-01
9.089453193450539592e-01
8.570245072884641324e-01
9.541372889948477320e-01
9.188415433869289162e-01
8.703489578774143975e-01
9.919271986256673612e-01
9.930961942217811922e-01
6.236016364812609902e-01
1.028184992544920906e+00
7.705856053027828612e-01
1.091933888912711925e+00
1.047842212992949662e+00
1.027563830370484377e+00
1.071377785364988178e+00
9.572523240829099445e-01
9.802615730515230608e-01
1.088917986268539417e+00
8.682143665887727124e-01
8.753235188432002545e-01
1.025615102366765452e+00
9.846546050059336030e-01
9.636869231944031888e-01
1.010904690858805521e+00
1.130147068446518910e+00
1.102473211092057426e+00
9.432961239381258967e-01
9.902396956179041476e-01
1.136505944721240891e+00
8.565494030571506601e-01
1.110836014038781849e+00
1.018700460629643478e+00
7.288011817384261182e-01
8.074681489232207188e-01
1.179104901971431474e+00
9.956564168513321045e-01
8.553876536903415317e-01
1.072248917159396520e+00
1.149899506671780092e+00
1.027050101473302890e+00
9.655724903491930133e-01
9.832533620415681019e-01
9.540006423089482102e-01
1.031160270694999603e+00
1.056517040661603568e+00
1.101031438530089446e+00
8.633710477125172700e-01
1.014363539175999529e+00
1.014313422213288796e+00
9.319589024891536955e-01
9.669295603575709386e-01
1.226793998624087001e+00
1.077640949209217602e+00
9.451101922353510876e-01
1.007912163615148460e+00
9.122108821636403242e-01
9.145539960256338086e-01
1.231408968192249542e+00
9.788240618984911379e-01
1.157860037608137382e+00
9.018300274510538950e-01
9.563547391702581502e-01
9.567875965773624536e-01
9.857241584591515116e-01
9.809665617462508536e-01
8.959058529939316617e-01
1.060859864307208689e+00
9.828074083526626703e-01
9.437653200786024765e-01
1.098537221769268823e+00
9.700491461594090703e-01
7.884060791327822670e-01
9.697357946412192842e-01
9.757753349528821563e-01
1.092654046349532004e+00
1.061543681956658158e+00
9.668372144379663302e-01
9.870786046867393582e-01
9.449024721181363828e-01
9.140546765786524697e-01
9.635617000087718376e-01
1.011661997872289387e+00
8.849761429249044520e-01
1.018542590018142846e+00
9.357516492799924368e-01
9.665566755128017773e-01
1.038499329673348015e+00
1.057639162576727632e+00
1.088544184655938940e+00
9.582747918248728514e-01
7.923961113746265106e-01
8.584010770652346078e-01
9.449562200350136720e-01
1.027052786177707233e+00
1.020825792467401794e+00
9.586944357640808656e-01
9.561984740478520761e-01
9.892930717004653207e-01
1.052637922606547871e+00
1.036401113648403705e+00
1.118544564924660811e+00
9.756864973489397519e-01
9.505787392121790580e-01
9.745279653713652124e-01
9.845668631824839867e-01
8.477076117701828339e-01
1.092108033210871021e+00
9.435901116741081118e-01
1.055195763359242367e+00
1.181476836601508262e+00
8.700525645708490075e-01
1.152301202905351207e+00
1.013851187097959405e+00
1.113345042688794750e+00
9.241404947701709061e-01
1.074803924525881582e+00
9.481527395674492764e-01
1.108290435538453744e+00
9.848168796776655132e-01
9.864532936633769733e-01
8.169215849104113358e-01
8.821758352218228572e-01
8.812335610017426601e-01
8.958062459437597935e-01
1.099365077316714512e+00
1.164644176415312815e+00
9.363944788088858218e-01
9.347425792042974857e-01
9.247774718469395916e-01
1.094394723820769411e+00
8.598124405792179070e-01
1.111386161017216656e+00
9.274640680456748276e-01
1.236769492433593243e+00
1.074147626655097554e+00
8.861875118823772102e-01
7.857207446504306247e-01
8.355261448683529713e-01
1.089041782429454486e+00
9.978060855817206809e-01
1.223704070504823882e+00
9.304966944750788782e-01
1.011702036651202397e+00
7.912921474955532108e-01
1.009556776782426724e+00
9.923294258452972638e-01
1.013623567071066489e+00
1.115870629515396839e+00
1.006123692503878342e+00
1.150922504373546928e+00
9.818869999343097232e-01
8.852609760909373460e-01
1.108956632419033195e+00
1.018383092899978415e+00
1.074424724114079188e+00
9.652305331682031753e-01
9.715418863966489571e-01
1.002713084590511228e+00
1.057737962999908854e+00
8.353373749558369310e-01
1.232869613794718600e+00
8.943007338446830046e-01
1.112682371228633338e+00
1.053890253136519739e+00
8.475652738556884724e-01
1.092044375197195105e+00
9.903645255081139354e-01
8.468304243042218404e-01
9.711580152884238260e-01
1.129434591089789386e+00
1.050068513846666995e+00
1.012459271886573697e+00
8.824534904307639316e-01
1.134037996216077815e+00
8.933569340829278227e-01
8.275217489508522872e-01
9.286001487566877266e-01
9.381104538873666909e-01
1.054481446828837488e+00
9.608728423829622223e-01
9.124079159519400406e-01
1.023310833176019008e+00
1.141643469996533655e+00
1.108220350269221610e+00
1.011026798220539424e+00
9.405970785495807451e-01
9.392699896532171744e-01
1.099020247552487062e+00
1.072552041501052766e+00
1.027747237828211091e+00
9.575125468879808199e-01
9.303568715408238043e-01
1.106423059940823128e+00
9.952854163794633280e-01
1.033579813539444725e+00
1.033034031152283871e+00
1.161485022793669053e+00
1.079034161718828377e+00
8.327251750406549080e-01
9.586667592010039707e-01
1.003853236217558065e+00
9.565629776354448444e-01
9.541687281083364169e-01
9.298788404093522031e-01
9.481484646183633291e-01
1.054600442521196113e+00
1.026607200164391553e+00
1.039342576013123409e+00
1.144166669515850554e+00
9.175580427389722349e-01
8.541825512346228333e-01
9.441390863730538818e-01
1.044383183202006737e+00
8.557787516461049515e-01
9.525387806526282031e-01
9.054789701382728317e-01
9.615281332329134178e-01
1.086019323274612036e+00
9.048878386789328543e-01
1.046122949333683216e+00
1.041211943793438399e+00
1.163906347460101243e+00
1.048952073439881838e+00
1.034434185411125862e+00
8.366945110761305759e-01
9.340372961077298974e-01
8.897099262272274434e-01
9.356159883870174276e-01
9.662309526465934217e-01
1.064986346875582690e+00
1.054460548251282104e+00
1.044296619322874653e+00
1.091142760976795412e+00
8.661026969503695661e-01
1.068468310169226498e+00
1.099575601467856822e+00
1.077984393483819581e+00
1.082282936001788709e+00
9.737245746302906069e-01
8.707545623906235432e-01
7.791817798030958864e-01
9.010569373538657167e-01
1.080809410273352977e+00
9.689868252894249245e-01
9.322472491337513434e-01
8.957021334158519199e-01
9.716162186268605394e-01
1.261353102961528139e+00
9.654579384430127531e-01
1.138510420608572549e+00
1.012961421749358992e+00
1.118830572726443595e+00
9.979141752564336665e-01
9.136954694671404198e-01
1.212994461009560876e+00
9.402426174128808434e-01
1.063363526230281408e+00
8.365816918489014098e-01
1.000325137357244820e+00
1.070266223628041580e+00
9.394728356427025640e-01
9.259494943668963307e-01
9.655223349865184046e-01
8.167976651834911728e-01
1.086921749855236374e+00
8.013710034825475281e-01
1.089334716322871044e+00
8.588823856174249149e-01
9.389730910649182194e-01
9.467725164079661138e-01
9.183496695712140001e-01
1.080719162509737652e+00
1.077528713579668951e+00
8.844564192947528269e-01
1.062539168992957750e+00
9.389398104853557969e-01
1.030149526203709920e+00
1.064933601024784737e+00
1.082143900827132299e+00
8.426999675069164475e-01
1.039695544716318754e+00
9.114587087098230400e-01
1.009408754469933944e+00
1.034157584756962844e+00
9.698194528396049119e-01
1.045776728919708187e+00
8.359932953393774957e-01
1.033163253069935505e+00
1.134944784782273786e+00
9.904566506478239551e-01
9.673136772012806972e-01
9.569368920344563101e-01
1.028026731348920197e+00
1.055134472181470384e+00
9.747948706555047416e-01
8.001335050285027783e-01
1.018030841863049263e+00
8.519185869236520769e-01
1.011811098195558145e+00
1.116715632701639205e+00
9.077388132120440822e-01
9.887584134477364062e-01
1.174968556173489498e+00
8.274928020309516574e-01
9.309719870046513357e-01
1.030578858501026929e+00
1.049670560925188401e+00
1.119952283514770608e+00
8.807097375504187031e-01
1.087006956046317141e+00
1.015967936093422619e+00
9.886397083866804714e-01
1.041131560791527244e+00
1.110621735383123809e+00
9.936904915869335664e-01
7.678988075751924658e-01
1.130239467550536947e+00
9.134998017542472759e-01
1.036667240466839335e+00
1.090869117816412270e+00
8.512753290001033868e-01
1.153269033911108021e+00
9.938422012760019797e-01
1.061857622862234507e+00
8.983254461331767748e-01
9.802926460520710039e-01
1.061815141217832492e+00
9.934971717473868313e-01
1.020718348574576773e+00
1.091821354557802382e+00
1.084488462788472996e+00
9.396474251323454485e-01
9.395157392651243278e-01
1.058704216229414241e+00
1.136718465964389857e+00
1.101333625713966979e+00
1.089255829427341116e+00
1.149964117291859766e+00
1.062527545588995537e+00
8.764362638299956210e-01
1.134314510790922492e+00
1.055861115432784159e+00
1.296209322621356019e+00
9.195301574150698265e-01
9.181114627021120800e-01
9.782764235997362112e-01
9.391257061383045945e-01
1.018125810545866150e+00
8.805226614811318964e-01
9.173236627369864005e-01
9.325028727089852421e-01
8.563966860925856794e-01
9.850518062567331645e-01
1.099299197140685136e+00
1.013759008876318868e+00
9.285080809522016088e-01
1.027983935093901513e+00
1.022554607032295060e+00
9.568085627566373930e-01
1.013077765987208556e+00
1.126290310998753652e+00
9.590424648577727806e-01
1.035375101579040225e+00
1.056542776569682651e+00
1.005358970783584827e+00
8.225314666511791550e-01
1.105460396428247449e+00
1.055853357657181135e+00
1.047977691513878318e+00
1.089154790108842974e+00
1.116554753027883429e+00
1.088624515772736334e+00
1.081086735417625233e+00
9.622372810865376103e-01
9.277502639065274836e-01
8.640199529832006675e-01
9.346033765280070682e-01
9.040553275906257902e-01
1.001500208914160917e+00
9.472964455913497339e-01
1.066086011260379385e+00
1.063201524497521033e+00
1.147918154157929971e+00
1.100086217849221670e+00
1.062880470092183449e+00
9.707313013005751667e-01
1.100419843486328153e+00
1.039294558933772761e+00
8.808480455776233065e-01
9.077898315099406368e-01
9.195699816885448685e-01
1.113747447540478053e+00
9.790758670330371727e-01
1.023444782539524311e+00
9.678916680072219281e-01
9.766029663362789659e-01
6.935328213717482093e-01
9.404169496899371650e-01
9.977796095315621949e-01
1.195810801609531904e+00
1.220365482993037487e+00
1.056444220073396556e+00
9.786551539505042863e-01
1.167569067596671673e+00
1.020363145356985246e+00
1.065639868564107529e+00
1.053903485472189594e+00
9.162441797343084948e-01
1.111165743654275007e+00
8.872266667877718449e-01
9.566218510228381433e-01
8.684978632244895191e-01
8.751358713689739721e-01
1.081703227810847601e+00
1.153905416402959183e+00
8.857406341524760585e-01
1.055576762153531467e+00
9.989234406724909476e-01
