7.287860922795155183e-01
1.306709890132089269e+00
1.123379640863392481e+00
9.387167807768671546e-01
9.553183506214308895e-01
9.362925706126513647e-01
1.175320214345483061e+00
1.032031195217558484e+00
1.066196017173007604e+00
1.070320071495866276e+00
1.017126469074705275e+00
8.804100650686955687e-01
9.759499272541244386e-01
1.029371171736639612e+00
1.073766792282081273e+00
1.044002634420153619e+00
8.069314756969205860e-01
1.121847041779011178e+00
1.097324536836658870e+00
8.654894532807860807e-01
7.911725322738629718e-01
1.008559591141821921e+00
1.156953811938960852e+00
1.051983302351664040e+00
9.176395376523314162e-01
1.072754988112442076e+00
1.059628823236898443e+00
8.921925166130624252e-01
1.024949354605575458e+00
9.868404670928686562e-01
1.046037793358535417e+00
1.013475687997715147e+00
9.644452141648244270e-01
8.601812710608167656e-01
9.778377088248261240e-01
8.853735044066661786e-01
1.045325277102864492e+00
1.020453273573132202e+00
9.797327710393659572e-01
9.341082192767032888e-01
1.062057317187363514e+00
1.013581948389698617e+00
9.346732112277885696e-01
1.001826689453776842e+00
8.358551189277989568e-01
1.246122335896136413e+00
8.624600480005755188e-01
9.717337479033164582e-01
9.328151720780833989e-01
9.292578021250721410e-01
9.863013399941154002e-01
1.014064236726988755e+00
1.189984982785073253e+00
9.971682022594919870e-01
8.014604953963984091e-01
9.119998293422543201e-01
9.529366697698974376e-01
9.677550939869630220e-01
1.027199029569601629e+00
8.924872026083815468e-01
9.605632232632301815e-01
8.469492954807822382e-01
1.081107802573571863e+00
8.863364526586483549e-01
9.978186409631910614e-01
9.920486065301449274e-01
1.098069409007411679e+00
1.144559286594148517e+00
9.349436044380241562e-01
1.019888388209103214e+00
1.157871808359849597e+00
1.052851559685238136e+00
8.922582185987792958e-01
1.153307772719964097e+00
1.059561176135358052e+00
9.909850156391053488e-01
8.113520875314822467e-01
9.919535165935537968e-01
1.081532674658058246e+00
9.780455917744761418e-01
8.473900605608944980e-01
8.468291176706611578e-01
8.642463928256304273e-01
8.897705644701906502e-01
9.812406545590218743e-01
9.872744831050137559e-01
1.102417916567839162e+00
1.022174528519434356e+00
9.617598357689537414e-01
1.101639968623956412e+00
1.110108740174681419e+00
1.044389647093315832e+00
9.921501015107088151e-01
1.187594675693111723e+00
9.665947651184236822e-01
1.013404710457640467e+00
1.029797110800632964e+00
1.058872216074608241e+00
1.055534365997788049e+00
1.032791864807514948e+00
9.479433177806056987e-01
9.465890163045977967e-01
1.101179830223814937e+00
9.339132453388439004e-01
9.285084128109406532e-01
9.919746996720619769e-01
9.969977740963726909e-01
9.047236965836517042e-01
9.558163191627475630e-01
1.029227229304689573e+00
8.657948594052995439e-01
1.048924974785666375e+00
9.685409392615225155e-01
9.944363430331896181e-01
1.075416345986567990e+00
9.617475154615277022e-01
9.984392122525844737e-01
1.101122489406551441e+00
1.128626791219008219e+00
1.048690756305108884e+00
1.026513879798166773e+00
1.073007189509970649e+00
9.907444423888297491e-01
1.016040495414451517e+00
8.930108092986989154e-01
9.196890469067384721e-01
9.820946011341272763e-01
8.616786218499535854e-01
6.945590391060092461e-01
9.264136199482561063e-01
1.028242807545751480e+00
1.045612344988078979e+00
8.968674638025745383e-01
9.783199009182939054e-01
9.027704869876641558e-01
1.014545446816694341e+00
9.651459169728241472e-01
9.296744489753414609e-01
9.801838032459797567e-01
1.045170409671310141e+00
9.163989906287428600e-01
8.796169937099519442e-01
1.005604367886575590e+00
1.043261803599240922e+00
1.118096670312917373e+00
1.067959076583739231e+00
9.852332618190140501e-01
9.580870246452926065e-01
1.045109259883741260e+00
1.034367789544134997e+00
9.727248885721759830e-01
1.003353037036391227e+00
1.002717252579281348e+00
1.008488466191733268e+00
8.580710105898142759e-01
9.964416387403456365e-01
9.699989203833898621e-01
7.466159933517615421e-01
1.009057843718591307e+00
9.627990331972627880e-01
1.022130345025318521e+00
8.760128926973892449e-01
9.680702496112759681e-01
9.051646418337877531e-01
7.888679636303775888e-01
1.011434021247806125e+00
1.127945642443163088e+00
1.240834178828969625e+00
9.896700751371760862e-01
1.002051087781755445e+00
8.566069530573329205e-01
1.077505949109094807e+00
1.060301592091317024e+00
9.221827043550174796e-01
9.420264480074294067e-01
1.069613443880288894e+00
9.316555318714181411e-01
9.749091299127292665e-01
8.693775303472121019e-01
1.086043357559434153e+00
1.124012755299418576e+00
8.877016993965385350e-01
8.758038189002452789e-01
1.040158803161750800e+00
9.967801795704482881e-01
1.078594215148381830e+00
1.069337783617421156e+00
9.578545148345807281e-01
9.643492037861824961e-01
7.819625274985310126e-01
8.154975236861456978e-01
1.008960526277349556e+00
1.242864390312033995e+00
1.078817981701389650e+00
8.582764505424477219e-01
9.480398097466403717e-01
8.940417845320620671e-01
1.075635638512850267e+00
1.055123537362792296e+00
9.183150281321034170e-01
9.967020745852385177e-01
9.311658069911633584e-01
1.010044014173571592e+00
9.420997807047378769e-01
1.018329652217200065e+00
1.001511824178204169e+00
1.108316599579528328e+00
9.308480432286948547e-01
1.135815591191167595e+00
9.756900955572654910e-01
1.154041844800410388e+00
1.245314848022769594e+00
1.064255063461168715e+00
1.067444345229394909e+00
1.094506628300797368e+00
8.880941196018521389e-01
9.611180799361886962e-01
1.054812668203699788e+00
1.167231862864316572e+00
9.217238426630048886e-01
1.120244291245603430e+00
1.123303687290650110e+00
9.645804274069661455e-01
1.144917637148619161e+00
1.071061991309986139e+00
1.060089964111253780e+00
1.082342791107506752e+00
1.086815033009349118e+00
1.000622120452341779e+00
9.144509856477642806e-01
8.533043522942869163e-01
1.126735482156824508e+00
9.372361006945261197e-01
9.472600920175633377e-01
1.069668481816373307e+00
1.060263689900307948e+00
8.955242342877388628e-01
9.242695105271081513e-01
1.042350917838184232e+00
9.442138609196299992e-01
9.478485374961134191e-01
1.124106175466338842e+00
1.045920695466330708e+00
9.839447746557021812e-01
1.018072988169637760e+00
8.924016655101072448e-01
1.151051702969804635e+00
8.084076120607398552e-01
8.655869627316508108e-01
9.624170609153491762e-01
1.032189766932098296e+00
9.950393903626140180e-01
9.430806066302797053e-01
9.265852510685155252e-01
1.020909438758048182e+00
8.524187908750927578e-01
1.160278108533648878e+00
8.184305648878494877e-01
9.309639549135793057e-01
9.398568365312027773e-01
1.044952006873753669e+00
9.777843099975415120e-01
1.138107145118765651e+00
7.103492241477372682e-01
9.825799160331594173e-01
9.436528052874820771e-01
1.026314835362046596e+00
9.765892072779166488e-01
9.848169811210317759e-01
1.069796066854472150e+00
1.103741458206456638e+00
1.130407585937314163e+00
1.132896673082878225e+00
9.046821200745106539e-01
9.502936881981209893e-01
1.037096786152575056e+00
1.107675558397840376e+00
9.994788902596388747e-01
1.124035012240276465e+00
9.674091382078408019e-01
9.389914924999265278e-01
1.021979350841004885e+00
9.695840024682823577e-01
1.065054034521880633e+00
9.142183201700505579e-01
7.984189149588780676e-01
1.012607042776930033e+00
8.961595033380227449e-01
9.466536609633792176e-01
1.004286702120665398e+00
9.196851021271598148e-01
1.071588046830802332e+00
1.074848065170764366e+00
7.483359170135867044e-01
9.906371693617651575e-01
1.016672971776292567e+00
1.027731885981733040e+00
9.761270086041468064e-01
9.214678584632129965e-01
1.046550414802943196e+00
1.010215952184677635e+00
9.112519173724084043e-01
9.874443005292776743e-01
9.584775615607212806e-01
1.114652455814323151e+00
1.041302390543198175e+00
9.217027309663440304e-01
1.025509064228842249e+00
9.456023639927303437e-01
1.016842515022101212e+00
1.042762748121949024e+00
1.150433353744028775e+00
7.923712686324260179e-01
8.843062281751111753e-01
1.015631234498146185e+00
9.745187874568839170e-01
9.523497028142486887e-01
9.682523096656786565e-01
9.654300798953157070e-01
9.194888092919407674e-01
9.377219950995359099e-01
1.001905944438176599e+00
1.114856159876060460e+00
1.003813824129860421e+00
8.453248595065281368e-01
9.770655014535886140e-01
9.686108318071111611e-01
9.918908223641694777e-01
9.258933688189197042e-01
1.029147240259644658e+00
1.118587633619080091e+00
9.158145883476389582e-01
1.012592650488281398e+00
1.118648318322055468e+00
1.015525419781901029e+00
9.540010836051381338e-01
9.415159813241046338e-01
1.047967858270147712e+00
9.649906631564079129e-01
1.000835087700127080e+00
1.082069178267925480e+00
8.425235252507333739e-01
9.894555643580075222e-01
1.007953081779709992e+00
1.028198814965026076e+00
9.156004924734136852e-01
1.208272057838055247e+00
9.510673835183544034e-01
1.125510505736606159e+00
8.085655178370785290e-01
9.164960128753412150e-01
7.488109525496404739e-01
9.708050929975128307e-01
9.327499118469063655e-01
1.065050342501734582e+00
9.402555780310350997e-01
9.878907430049943539e-01
9.797334523288917518e-01
8.781543732931352819e-01
1.001669912861517853e+00
1.024062040347023306e+00
1.017646795569750573e+00
9.336739150957897859e-01
1.000047187892567413e+00
1.123670483397658293e+00
1.022389480416823204e+00
1.063541528082736498e+00
9.891359564597612675e-01
9.957121496065306498e-01
1.217389653189290488e+00
1.025966300342231685e+00
9.043634223592017518e-01
9.815570222476148743e-01
8.494635960791978579e-01
9.117201034287201189e-01
8.835844063989062303e-01
8.204936864191590962e-01
8.956617772903662233e-01
8.433286796472427849e-01
1.135690877770600515e+00
9.654930985416475542e-01
1.051726548024780383e+00
1.090717082989263842e+00
1.115044584698761332e+00
1.064434157039583662e+00
1.042572859978523114e+00
1.100793344341014501e+00
1.071718882057101752e+00
1.056321652168703551e+00
9.757138820046795669e-01
1.122328422033465500e+00
9.414523270152143075e-01
1.044105027850385836e+00
8.948599428955847923e-01
9.607971115425546493e-01
9.527501524849613102e-01
1.083960467542883110e+00
9.602851722476160035e-01
8.460393086817277197e-01
1.047134735244575898e+00
1.000371373400454011e+00
9.055675824834237275e-01
1.077548677014785961e+00
1.190834199709702279e+00
9.482965128275974154e-01
9.888769815030508115e-01
1.004476223721983974e+00
7.569219811348144589e-01
9.284898421723278839e-01
9.466218078297188310e-01
1.122565496885037595e+00
1.125502241353334210e+00
1.042672520038511630e+00
9.154311526247347341e-01
1.008250558396193153e+00
9.528048653484257891e-01
9.500221974621869681e-01
1.056604145168564823e+00
1.122499887715659117e+00
9.184064898872454918e-01
1.020605695311437522e+00
1.385913102610665693e+00
1.069624265014096576e+00
1.083167990994550411e+00
9.854004108244684979e-01
1.021720076602860017e+00
9.617470737017594917e-01
1.193975950537042419e+00
1.034769099037812445e+00
1.067005493726605803e+00
8.615518950353777683e-01
8.866585666608031158e-01
1.049219028306318968e+00
1.129008738327449191e+00
1.044342227715592930e+00
9.904498608189162834e-01
9.378065344658627067e-01
9.581954731530351044e-01
8.691500772602337443e-01
1.002453875861246013e+00
1.091224091974400734e+00
9.199288241620453555e-01
9.097209329114015475e-01
7.535031405900157742e-01
1.047582966604377663e+00
9.109637968312682688e-01
9.804983250639722758e-01
1.230541596128591264e+00
1.144924747861301828e+00
9.912469382112811811e-01
1.131079039675001896e+00
1.091407618825666059e+00
1.083570400960659708e+00
1.184641084539937328e+00
8.659291083048978876e-01
1.057201928089438026e+00
1.131129622625560271e+00
1.040069035058050817e+00
9.063144639410010139e-01
1.026903899129612441e+00
9.814068098790956762e-01
9.591042161152383283e-01
9.993795124869089275e-01
9.705271821281326039e-01
9.345979089767421089e-01
8.206421729298434276e-01
1.039931128051083009e+00
8.388951756521609848e-01
9.515904401819423875e-01
1.016252628190726259e+00
1.110121939840486682e+00
8.696392864319993921e-01
1.167848474401730119e+00
8.947357427495779003e-01
9.339032199784037536e-01
9.379052336566902071e-01
1.111320595195075533e+00
1.098712860933420687e+00
1.170850093203165798e+00
1.008062674769931277e+00
8.510002364795892227e-01
1.186318552178232677e+00
9.565999621476322101e-01
1.041275334889915749e+00
9.010579692787703543e-01
8.932915223752601053e-01
9.572991063393543332e-01
1.058679760264343406e+00
1.178622007224341850e+00
8.339232098485392930e-01
1.129349942928296269e+00
1.093906215094615053e+00
9.313914474192459547e-01
9.009554987477864652e-01
8.987757565109137925e-01
1.085176686520967104e+00
9.308048075861865556e-01
1.119583227735168052e+00
1.159148870451580438e+00
1.047960268704298148e+00
1.005346355545726711e+00
1.065695993471268421e+00
9.685449046233738368e-01
9.386307120418726502e-01
1.177335999844271175e+00
8.376370663738128552e-01
8.550833124552624787e-01
1.083100879598780875e+00
9.625148733698110082e-01
9.745175506134352572e-01
1.001185775550979429e+00
1.042303358943324376e+00
1.022996128396988391e+00
1.087220008954438599e+00
1.130189515386438082e+00
9.815554074509471594e-01
9.857935017475545347e-01
9.942073432527748222e-01
9.570719830567849806e-01
8.555626885598311970e-01
1.063335964925245403e+00
9.942064542850188591e-01
9.250475590302004170e-01
1.131457562321172894e+00
1.029752445504818814e+00
9.008014587534683981e-01
1.269021719482542387e+00
1.007439504751876269e+00
9.270172458123429049e-01
8.829587412872730301e-01
8.844976970569177199e-01
1.000339119806045618e+00
8.654721525955032524e-01
1.078299765255058551e+00
1.087887040049440923e+00
9.851433336882555736e-01
9.361147699010265999e-01
1.128280248042447642e+00
1.139174814482144971e+00
1.122508846698754059e+00
1.163828552644129211e+00
9.296937835186726007e-01
1.036998943899049896e+00
7.681054476174422607e-01
9.373087324819248112e-01
1.139055952157121521e+00
8.860258177871569440e-01
9.768972115872345263e-01
9.881814104928493547e-01
1.072025496768818309e+00
9.255409818914038800e-01
9.457881359008228905e-01
1.147130011258937099e+00
9.915080831296090302e-01
1.103802243031525965e+00
1.096961294582285751e+00
9.711077536372821895e-01
9.771335711294022452e-01
9.507702953509690191e-01
1.057674343736485723e+00
8.916720535203046527e-01
9.084755466334295537e-01
1.027154784443317759e+00
1.089623562340996443e+00
1.167164653833322019e+00
1.028409135424795728e+00
1.054429109124930042e+00
9.152610443421319575e-01
1.079290244802628695e+00
8.976421412161985636e-01
1.098216822531168368e+00
9.009202178382726967e-01
8.854247974150091238e-01
1.123943592124785340e+00
9.542223176150559372e-01
1.087412385323146991e+00
9.229149517720800500e-01
1.078800109560235754e+00
8.751937959800357714e-01
9.490401318167601685e-01
1.165892018390497498e+00
9.863804204759455407e-01
1.143451976658073299e+00
1.147948607792437015e+00
8.482798329704569484e-01
1.064010812657913752e+00
1.120104664541642370e+00
9.778319448207919429e-01
8.433577267255708554e-01
8.181862765288852035e-01
1.174456817444322176e+00
1.014110272569767268e+00
1.010518377197485274e+00
1.181814452520709713e+00
1.050618774548554457e+00
1.055720399010206201e+00
1.153414353567529860e+00
9.637678217946910042e-01
1.209848282196809954e+00
1.126091862244083419e+00
1.093901922641517865e+00
9.599541449105349900e-01
9.024202390971033383e-01
1.153193839448090285e+00
8.500356397497140781e-01
8.817945727653677679e-01
8.589523454614289566e-01
1.082371966838330035e+00
9.998017437771783422e-01
9.084404851993124197e-01
9.611470125891230509e-01
1.090182553223591366e+00
1.124659540566100624e+00
9.889721069967798428e-01
8.886617661375249000e-01
1.012368383103067648e+00
1.071510239022384958e+00
1.194714501716067856e+00
9.806919312855386650e-01
9.739118869641010257e-01
1.041332228081799149e+00
1.028108536965265385e+00
1.088275479363437270e+00
1.076059164314294270e+00
1.221932451315972612e+00
1.131241494544614312e+00
1.129185853779881565e+00
1.078214407281324894e+00
1.020466566797936014e+00
1.008449648298708645e+00
1.018518547806902985e+00
8.036126052992744739e-01
9.627442253418232454e-01
8.242971765192184108e-01
1.100191835895830028e+00
9.658458451619794660e-01
8.462392696272496018e-01
1.046231407341376318e+00
9.734820156873003061e-01
8.531333923576186473e-01
1.095672543815752853e+00
1.000073868650246611e+00
8.730943230314861525e-01
9.369389567038598488e-01
9.664852298235688810e-01
1.059079356610796552e+00
1.077505462870325559e+00
9.824296361070674610e-01
1.100077001396770893e+00
1.185723136890653340e+00
1.159170897270521916e+00
8.763541132248842125e-01
1.073572918301574086e+00
9.225690138005688823e-01
1.017195169717834080e+00
9.600202605821410717e-01
1.195185458778305509e+00
9.608627772126908662e-01
1.176000241849128880e+00
8.972769002060231314e-01
9.792997516710659767e-01
9.132794970219897390e-01
1.093150636526233344e+00
1.149549551592443875e+00
9.481693931620936988e-01
9.601333494070672936e-01
9.770215810915149346e-01
1.055541259919281050e+00
9.995356068885944412e-01
9.459707486952828592e-01
9.641970433027096110e-01
1.014298861516018446e+00
8.693696985032021152e-01
9.291370561479836976e-01
9.720448019929908146e-01
8.203947840555819715e-01
8.743129509207214767e-01
1.007941481231077407e+00
1.042860345623608742e+00
1.019104959308083203e+00
1.270455435108750475e+00
9.028045680971494846e-01
8.053382591608880814e-01
9.478527629754135431e-01
9.933083187308466844e-01
9.984995433729285663e-01
9.774191204261839516e-01
9.502474670433748161e-01
1.143642746890307427e+00
1.120558896821514105e+00
1.010995599737751549e+00
9.521192036163957928e-01
9.988599817461352171e-01
1.023028515455902676e+00
9.006900913186747237e-01
9.866899282387764369e-01
1.274792482984645092e+00
8.798587698638549170e-01
1.006091340348190366e+00
1.042524303335500946e+00
1.085045183845035455e+00
8.940439048848107806e-01
1.041237489826181584e+00
9.269921896280522988e-01
1.054252957962040327e+00
1.080145545533111484e+00
9.937986594022852893e-01
9.586389180413804612e-01
1.005798218476986472e+00
9.693522770705527147e-01
1.035447016173614010e+00
9.210754493871552429e-01
9.891940762722239988e-01
1.082962947766349160e+00
1.002781919083453710e+00
1.040595744230345066e+00
1.018712621253963890e+00
1.186983767102313791e+00
1.087291514990534003e+00
1.084748628312025343e+00
1.091732482362679058e+00
1.171038709632279851e+00
9.343624382803573658e-01
9.100888588847253491e-01
9.756202608784559915e-01
1.058489449707547880e+00
1.083780310985634099e+00
9.735319786929877983e-01
1.038042142490486430e+00
9.837390971296751108e-01
9.818890294572287791e-01
8.525716960366632735e-01
9.947150700509508336e-01
1.092407712311076917e+00
8.830384659531956837e-01
8.950711797326429409e-01
1.198175286290119379e+00
1.048874927581029182e+00
8.984751032137631155e-01
1.092248206568546376e+00
8.614932614373517206e-01
9.787515239636228603e-01
9.618245567120042860e-01
1.058480509356907406e+00
9.253244330986070132e-01
1.075184630182297152e+00
8.344612859834242835e-01
9.456033532901000349e-01
9.788689396097578488e-01
1.139331622936665678e+00
1.090113562214301890e+00
1.020369794194838864e+00
1.105308866929742395e+00
9.727574864343779826e-01
1.040319491824780229e+00
1.207043600427175623e+00
1.092344122532645789e+00
1.172418153548270281e+00
8.952941752683054588e-01
9.414690071714754138e-01
9.169900718714455445e-01
8.854059855686509106e-01
9.892897330816240453e-01
9.804117113998047639e-01
9.762211925020156666e-01
1.037390560973161069e+00
1.029933628831681158e+00
9.845921998842637191e-01
9.862729285964346726e-01
1.045829493882504346e+00
1.149574751887523671e+00
8.231724992240325722e-01
9.537394515619278534e-01
9.205991356555170979e-01
1.051706534814928595e+00
9.331774275962846366e-01
1.142194238768072356e+00
9.838072332025945554e-01
9.976870761903026130e-01
1.128942760763548048e+00
8.220949074840859794e-01
9.759883091872786354e-01
1.006470328048731266e+00
8.844664181736000552e-01
1.062119463447680046e+00
1.033434656828685183e+00
1.129750403816111692e+00
9.545259397731264972e-01
1.063866404933251797e+00
1.054676503113178176e+00
9.836531237550241169e-01
1.137898072305106867e+00
8.625794581776644598e-01
1.067697602767600396e+00
9.765928150134526309e-01
9.693346091719382551e-01
9.599914683201388188e-01
9.279109694040250655e-01
9.400655615797010034e-01
8.605916116799121607e-01
9.229581377639665130e-01
9.582144596033279615e-01
9.549623403882129269e-01
9.017696062325810669e-01
9.903578376857623544e-01
9.025335269751539879e-01
8.452596971132125825e-01
1.040684502682705626e+00
1.002660278138750360e+00
9.361922811490807073e-01
1.003180589833436498e+00
1.102809995586415903e+00
1.033732230445962408e+00
1.126429306788741869e+00
1.150734690494225276e+00
1.025160749809282290e+00
1.068696368926358886e+00
9.491158741031715529e-01
8.024144500699171845e-01
8.758555532082116235e-01
9.938558174822761382e-01
1.020843249460454905e+00
8.967872213428189632e-01
1.059047622522501175e+00
1.126856524635852619e+00
1.069232468747312703e+00
1.074016137167175033e+00
9.530265959329928815e-01
1.122700649692752739e+00
9.016193286176679145e-01
8.992266897260926539e-01
9.416463442190088351e-01
9.671770971091087077e-01
9.630032010798366127e-01
8.959672438561679941e-01
1.179624897699644626e+00
1.081141151557221569e+00
7.819374780404367842e-01
9.520263933702025616e-01
1.031777447986963248e+00
9.604528958018558882e-01
7.876288367149695269e-01
1.156770386383515037e+00
1.124360678546385106e+00
1.010734398294928615e+00
9.205048121006552675e-01
1.100127743343584319e+00
9.872564591341661533e-01
8.641775096729222838e-01
9.216872352855013384e-01
8.731711892636886407e-01
1.033671355135679537e+00
1.022068512468072843e+00
8.772938797524665322e-01
1.045341218870078581e+00
8.871080635241237466e-01
9.084088528305122034e-01
9.410889454025573864e-01
9.446192588760922160e-01
1.084138645981653326e+00
1.049054489631817688e+00
1.004321867156062753e+00
1.032518382923641953e+00
9.052165828481266718e-01
1.078673399275690059e+00
1.160769143048080654e+00
1.062786091799475363e+00
1.026688254445515813e+00
9.290711080100167996e-01
1.039454378275232127e+00
1.135238144447044517e+00
1.166211418407788081e+00
1.032381310378975403e+00
9.654425071869472408e-01
1.001310525853480016e+00
9.628590125653797571e-01
9.890766126360287513e-01
1.101227509716543818e+00
9.996832395766258594e-01
1.087604796441723476e+00
1.011779719140992295e+00
9.819158398782160679e-01
1.047739239877303996e+00
9.956789215017107786e-01
9.900344785891654897e-01
9.447997092306718026e-01
1.065656077318981598e+00
1.028693344933245601e+00
9.700760517295272667e-01
9.945813958856010162e-01
1.039784426258035577e+00
1.019389682249019380e+00
1.047443669341961536e+00
1.181213340498721287e+00
1.026760800683434338e+00
1.067755874605242461e+00
1.179456923678627200e+00
9.981635359866867230e-01
1.057910048912180434e+00
9.888121512139177449e-01
8.127199831750842041e-01
8.867598062931805192e-01
1.036881199516129337e+00
1.026436487254065444e+00
9.839522283016931548e-01
9.489913826121249008e-01
8.350790072172527001e-01
9.357650779047541612e-01
8.775172039849632455e-01
9.360415838038517178e-01
8.066427350595387624e-01
9.759287658860452686e-01
8.746108271688839420e-01
9.511136827896511381e-01
8.179689732263951685e-01
1.145953888354445560e+00
9.188232714436073145e-01
8.986952685615959835e-01
1.045759499574037577e+00
9.271593528081997215e-01
9.612773651677363196e-01
9.363157468901679437e-01
9.107481094837082125e-01
1.064419504218396151e+00
9.928879410876997325e-01
9.943821407640079935e-01
8.801442618560018083e-01
1.111718291051566387e+00
1.050604463067158933e+00
1.170190539455418399e+00
1.069026140638798417e+00
1.129147321297867990e+00
9.499217805801215553e-01
9.813267464342372293e-01
1.089376356532270052e+00
8.833983333096621093e-01
1.074235437304602359e+00
1.059166533240781360e+00
9.657712167396999003e-01
8.848148683883735321e-01
1.060779287202077814e+00
9.732229936859994046e-01
8.742695700112976809e-01
8.553356282663496790e-01
1.045481535908728166e+00
1.127498484349238161e+00
1.058240352895357894e+00
1.104143616194659616e+00
1.140836870304589912e+00
1.162862241790496798e+00
9.976597603454799845e-01
1.076159197397636991e+00
1.002107134621643469e+00
9.426352244065099306e-01
9.346010505593129736e-01
1.060665351254245437e+00
9.729536861274002968e-01
1.105446792465311301e+00
7.778299462285318544e-01
8.924230200314280381e-01
1.003489136617595090e+00
1.070895527780695522e+00
9.972014158115346527e-01
1.051923094017878757e+00
8.246671698370847681e-01
9.411458254639528676e-01
9.116120189308101196e-01
8.362057094803999613e-01
1.169408827140885121e+00
9.810257056529789743e-01
9.563878944514060398e-01
1.080457810858216572e+00
9.746676740848285725e-01
1.299813548611282066e+00
1.044737492782864763e+00
1.102653935251041606e+00
8.246060664777650207e-01
1.029693336158574946e+00
9.645024379758658784e-01
8.926638960900505904e-01
1.027787355528212654e+00
1.093555921128582797e+00
1.161610245512951334e+00
9.427666676332958628e-01
1.154427611692522948e+00
1.053782207178843855e+00
8.874195003204267129e-01
8.275188532273100028e-01
1.028861693876403027e+00
1.222576245129257444e+00
1.185514674227709397e+00
1.100397907476311943e+00
9.193860712152264192e-01
8.134184171473045621e-01
9.981189061245163696e-01
1.054910438183896515e+00
1.006954309378323975e+00
8.865205306820255204e-01
9.810043880525196602e-01
1.078981690861628318e+00
